function [A, B, tc] = tgauss3()

nodegauss = zeros(1,3);
A = zeros(3);
B = zeros(1,3);

nodegauss(1)=0.11270166537925831;
nodegauss(2)=0.5;
nodegauss(3)=0.8872983346207417;
tc=nodegauss;
A(1,1)=0.138888888888888888888888888889;
A(2,1)=0.300263194980864592438024947213;
A(3,1)=0.267988333762469451728197735548;
B(1)=0.277777777777777777777777777778;
A(1,2)=-0.0359766675249389034563954710966;
A(2,2)=0.222222222222222222222222222222;
A(3,2)=0.480421111969383347900839915541;
B(2)=0.444444444444444444444444444444;
A(1,3)=0.00978944401530832604958004222948;
A(2,3)=-0.0224854172030868146602471694354;
A(3,3)=0.138888888888888888888888888889;
B(3)=0.277777777777777777777777777778;

end