function [A, B, tc] = tgauss4()

tc = zeros(1,4);
A = zeros(4);
B = zeros(1,4);

tc(1)=0.06943184420297371;
tc(2)=0.33000947820757187;
tc(3)=0.6699905217924281;
tc(4)=0.9305681557970263;
A(1,1)=0.0869637112843634643432659873055;
A(2,1)=0.188118117499868071650685545087;
A(3,1)=0.167191921974188773171133305525;
A(4,1)=0.177482572254522611843442956461;
B(1)=0.173927422568726928686531974611;
A(1,2)=-0.026604180084998793313385130477;
A(2,2)=0.163036288715636535656734012695;
A(3,2)=0.353953006033743966537619131808;
A(4,2)=0.313445114741868346798411144814;
B(2)=0.326072577431273071313468025389;
A(1,3)=0.0126274626894047245150568805746;
A(2,3)=-0.027880428602470895224151106419;
A(3,3)=0.163036288715636535656734012695;
A(4,3)=0.352676757516271864626853155866;
B(3)=0.326072577431273071313468025389;
A(1,4)=-0.00355514968579568315691098184957;
A(2,4)=0.0067355005945381555153986690857;
A(3,4)=-0.0141906949311411429641535704762;
A(4,4)=0.0869637112843634643432659873055;
B(4)=0.173927422568726928686531974611;
end