function [A, B, tc] = tgauss2()

nodegauss = zeros(1,2);
A = zeros(2);
B = zeros(1,2);

nodegauss(1)=0.2113248654051871;
nodegauss(2)=0.7886751345948129;
A(1,1)=0.25;
A(2,1)=0.538675134594812882254574390251;
B(1)=0.5;
A(1,2)=-0.038675134594812882254574390251;
A(2,2)=0.25;
B(2)=0.5;

tc=nodegauss;
end
