function [A,tc] = tlgr9()

tc = zeros(1,9);
A = zeros(9);

tc(1)=0.017779915147363451813205101037679061266488398239;
tc(2)=0.091323607899793956003741458074541353107040475745;
tc(3)=0.21430847939563075835754126758169570874109748611;
tc(4)=0.37193216458327230243085396048262924424033946163;
tc(5)=0.545186684803426649032272229953212999671653009908;
tc(6)=0.713175242855569481051313760250901597630452405302;
tc(7)=0.855633742957854428514781479771758769717988124937;
tc(8)=0.955366044710030149266878978141667477753780663885;
tc(9)=1.;
A(1,1)=0.0227883787934587752520703195999370409;
A(1,2)=-0.00858963975293894569999146112007612484;
A(1,3)=0.00645102917699514681285898692547749428;
A(1,4)=-0.00525752869975011960579706994243543618;
A(1,5)=0.00438883380936137539397226142154550849;
A(1,6)=-0.00365121555369046722296286643575556591;
A(1,7)=0.00294048821375261460578694155454149241;
A(1,8)=-0.00214927416388255376415973626248819094;
A(1,9)=0.00085884332405762604142772614932830122;
A(2,1)=0.04890795244749931850181445325321228149;
A(2,2)=0.05070205048082807550346251638180778298;
A(2,3)=-0.01352380719602131629604136013725156819;
A(2,4)=0.00920937377430507100606513692084383264;
A(2,5)=-0.00715571331753696051864391212505075491;
A(2,6)=0.00574724669943230923580081728674109132;
A(2,7)=-0.00454258297639453622004992535883256523;
A(2,8)=0.00328816168179140591924182096847441877;
A(2,9)=-0.00130907369410941112790808473721401034;
A(3,1)=0.04374276009157136786743324829456116932;
A(3,2)=0.10830189290274022948208766227837971677;
A(3,3)=0.07291956593742897030740196630661979248;
A(3,4)=-0.01687987721001605493269320409502508108;
A(3,5)=0.01070455184480278079540134721633756415;
A(3,6)=-0.00790194647923877710776215893135269377;
A(3,7)=0.00599140694217999307256649324713430166;
A(3,8)=-0.00424802443998731373669735117005654029;
A(3,9)=0.00167814980614956260980327470936362448;
A(4,1)=0.04624923745394711947282979003412874861;
A(4,2)=0.09656073072680008585393581137719033122;
A(4,3)=0.15429876979003858437926546392328907635;
A(4,4)=0.0867193693031383983177882041561045283;
A(4,5)=-0.01845163964361787272087297428507051916;
A(4,6)=0.01103665872983551302706798504422143454;
A(4,7)=-0.00767328094028164840805106967144925047;
A(4,8)=0.00522822499988990253748489961935579619;
A(4,9)=-0.00203590583647778002859413188416162664;
A(5,1)=0.04483443658691023269501131474146803848;
A(5,2)=0.1023068496859417579089517224;
A(5,3)=0.1382176341923681651698632476;
A(5,4)=0.1812639346821401289308367783;
A(5,5)=0.09043360059943564017869076551335577785;
A(5,6)=-0.01808506336678247912736002402897839723;
A(5,7)=0.01019338790385556458116414976001257145;
A(5,8)=-0.00640526541886632255572468068867680058;
A(5,9)=0.00242716993842396125083898250289018465;
A(6,1)=0.04565875571932339788952985618958732046;
A(6,2)=0.099145470489388055125473099;
A(6,3)=0.1457470404969923414680188989;
A(6,4)=0.1636482812338739707395162288;
A(6,5)=0.1859445873445190190411207092;
A(6,6)=0.083613260231532762986051599;
A(6,7)=-0.01580993614630953838367634171940219285;
A(6,8)=0.00813825269404473035390002502999065209;
A(6,9)=-0.00291046920779525816862027995423201803;
A(7,1)=0.0452006001877972411367901359;
A(7,2)=0.1008537067183204778594038559;
A(7,3)=0.1419422367945748957089920716;
A(7,4)=0.1711894718387633063144277839;
A(7,5)=0.1697833861700018983382377378;
A(7,6)=0.1677682911732795210819474728;
A(7,7)=0.067079034322493043513240648;
A(7,8)=-0.0117922305360253212575103063;
A(7,9)=0.00360924628864936581925212112909925099;
A(8,1)=0.0454165166574277329365653581;
A(8,2)=0.1000604024459437444432833237;
A(8,3)=0.1436528409870380144549460691;
A(8,4)=0.1680190809806929480444538113;
A(8,5)=0.1755607684184136596273421683;
A(8,6)=0.1558862704500336254788262718;
A(8,7)=0.1288939135165039520063154392;
A(8,8)=0.0428108260252210078701248412;
A(8,9)=-0.0049345747712445355949782588;
A(9,1)=0.0453572524616414585064467451;
A(9,2)=0.1002766490122759787105825475;
A(9,3)=0.1431933481786155855733527885;
A(9,4)=0.1688469834879647929018621763;
A(9,5)=0.1741365013864832970359954592;
A(9,6)=0.1584218878352189891690005189;
A(9,7)=0.1235946891022965261806198383;
A(9,8)=0.0738270095231576929097943214;
A(9,9)=0.0123456790123456790123456527;
end