function [A,tc] = tlgr4()

tc = zeros(1,4);
A = zeros(4);

tc(1)=0.088587959512703947395546143769462381860772831438;
tc(2)=0.409466864440734710864926252068829822675225070037;
tc(3)=0.787659461760847056025241889875999617627762700479;
tc(4)=1.;
A(1,1)=0.11299947932315618599385005301139863351;
A(1,2)=-0.04030922072352220573554988839316610544;
A(1,3)=0.02580237742033639103594009159581783967;
A(1,4)=-0.00990467650726642389869411244458798585;
A(2,1)=0.23438399574740025657366167396748153231;
A(2,2)=0.20689257393535890010464509882214654645;
A(2,3)=-0.04785712804854071885000849114278089301;
A(2,4)=0.01604742280651627303662797042198263701;
A(3,1)=0.21668178462325034184405249707185183072;
A(3,2)=0.40612326386737331122519857754220398104;
A(3,3)=0.18903651817005634247293341959503047698;
A(3,4)=-0.02418210489983293951694260433308667109;
A(4,1)=0.22046221117676837527547847203719365556;
A(4,2)=0.38819346884317188078023230689000501853;
A(4,3)=0.32884431998005974394428922107280402733;
A(4,4)=0.06249999999999999999999999999999729863;

end