function [A,tc] = tlgr2()

tc = zeros(1,2);
A = zeros(2);

tc(1)=0.33333333333333337;
tc(2)=1;

A(1,1)=0.4166666666666667;
A(1,2)=-0.08333333333333336;
A(2,1)=0.75;
A(2,2)=0.24999999999999994;

end