function [A,tc] = tlgr7()

tc = zeros(1,7);
A = zeros(7);

tc(1)=0.029316427159784891972050276913164910373730392564;
tc(2)=0.14807859966848429184997685249600212249745432474;
tc(3)=0.336984690281154299097052972080775705197568750029;
tc(4)=0.558671518771550132081393341805521919792799944983;
tc(5)=0.769233862030054500916883360115645393425329886448;
tc(6)=0.92694567131974111485187396581967603326558263991;
tc(7)=1.;
A(1,1)=0.03754626499392133133368612762410473105;
A(1,2)=-0.01403933455646040153762656853559211135;
A(1,3)=0.01035278960074230093675547884808162579;
A(1,4)=-0.00815832254027501190920454355214061624;
A(1,5)=0.00638841387953468494375595132873523522;
A(1,6)=-0.00460232677914865549935202576061033694;
A(1,7)=0.00182894256147064370403585682493746746;
A(2,1)=0.08014759651561896779521559531619352742;
A(2,2)=0.08106206398589153667958471970246611304;
A(2,3)=-0.02123799212071103493708547038833076074;
A(2,4)=0.01400029123881711898374220496179814208;
A(2,5)=-0.01023418573009016382919981740405189614;
A(2,6)=0.00715346515136459049806238264256897092;
A(2,7)=-0.00281263937240672334034276301981078355;
A(3,1)=0.07206384694188190211336252656114765332;
A(3,2)=0.17106835498388661942435250479467428176;
A(3,3)=0.1096145640400721092332204056778892272;
A(3,4)=-0.02461987172898405386231886415285336204;
A(3,5)=0.0147603770439508170731953471693295632;
A(3,6)=-0.00957525939679140055632872364429687339;
A(3,7)=0.0036726783971383056715697741156362767;
A(4,1)=0.07570512581982442042464122949634795942;
A(4,2)=0.15409015514217114464633168334892309802;
A(4,3)=0.22710773667320238641128128499185357901;
A(4,4)=0.11747818703702478198791268115178786072;
A(4,5)=-0.02381082715304417358204793233048057384;
A(4,6)=0.01270998553366120563361075941415006247;
A(4,7)=-0.00460884428128963344033636685206762557;
A(5,1)=0.07391234216319184654080632124302589333;
A(5,2)=0.16135560761594243218622014769641841692;
A(5,3)=0.20686724155210419781957884236548748004;
A(5,4)=0.23700711534269423476224677361527905084;
A(5,5)=0.1030867935338134466241058416085529403;
A(5,6)=-0.01885413915258044884005218794721259362;
A(5,7)=0.00585890097488879182397761797480170663;
A(6,1)=0.07470556205979623017229255936177586206;
A(6,2)=0.15830722387246870065847938667562517268;
A(6,3)=0.21415342326720003110869745294978759694;
A(6,4)=0.21987784703186003998748735628361143586;
A(6,5)=0.19875212168063526980182646419914412469;
A(6,6)=0.06926550160550913323097216873916256762;
A(6,7)=-0.00811600819772829010788142667846549149;
A(7,1)=0.07449423555601031793324878020917615381;
A(7,2)=0.15910211573365074087243521956624208318;
A(7,3)=0.21235188950297780419915401428129672521;
A(7,4)=0.22355491450728323474967447767655054192;
A(7,5)=0.1904749368221155769029691685597635207;
A(7,6)=0.11961374461265620289353874359660528534;
A(7,7)=0.02040816326530612244897959148330404545;
end