function [A,tc] = tlgr8()

tc = zeros(1,9);
A = zeros(9);

tc(2)=0.022479386438712498108825499570845059922173907236;
tc(3)=0.114679053160904231909640237067514627077729824532;
tc(4)=0.265789822784589468476789391693390055831563911383;
tc(5)=0.452846373669444616998551442347651140032021756393;
tc(6)=0.647375282886830362626092229828757919960200538348;
tc(7)=0.819759308263107635012420057190787084785289229384;
tc(8)=0.943737439463077853534347808967655553565994170826;
tc(9)=1.;
A(2,2)=0.028802823892616741227063631345286942;
A(2,3)=-0.01082169805201563681043364779307472634;
A(2,4)=0.0080690102038513812973563689969582462;
A(2,5)=-0.00649307359653574125549625037716901293;
A(2,6)=0.00530004101729512166328147450243015177;
A(2,7)=-0.00422330965000984175072771045659765651;
A(2,8)=0.00306941334914092892968227394949811698;
A(2,9)=-0.00122382072563045519190064059284537603;
A(3,2)=0.0616808262129499446689090043713594648;
A(3,3)=0.06330790543528580512626138859279400095;
A(3,4)=-0.01676616762130196190442332151502741662;
A(3,5)=0.01127657596318006369509548606750550607;
A(3,6)=-0.00857540084808327535371680257424031054;
A(3,7)=0.00660705689842300254755276927997592798;
A(3,8)=-0.00472381737399189327424437448782516236;
A(3,9)=0.00187207449444254640420608735155042311;
A(4,2)=0.05528556326723465518270900165626038897;
A(4,3)=0.13457201985444415562263922876359853133;
A(4,4)=0.08883018189912992527964389475327842477;
A(4,5)=-0.02032248583700903853478346076293275349;
A(4,6)=0.01263102222042370683916568481944104269;
A(4,7)=-0.00897002575404257810956762913542592906;
A(4,8)=0.00618090091700754183118685032529709888;
A(4,9)=-0.0024173537825988996342041786830692317;
A(5,2)=0.058300686057539361005428687723258762;
A(5,3)=0.12047766147733864465096591488123036941;
A(5,4)=0.186414284318491391533105262151625703;
A(5,5)=0.10143090415741593434092606849531012433;
A(5,6)=-0.02119619639855505875489004413007370419;
A(5,7)=0.01224727429539701264816293848698985928;
A(5,8)=-0.00779863777790080885528763470492487095;
A(5,9)=0.00297039753971814043014024951759524127;
A(6,2)=0.05668200898480083686775731439830478198;
A(6,3)=0.12704316148341017293839251375614243869;
A(6,4)=0.16808837041936573509669110261237110689;
A(6,5)=0.20920224876383809734402298517184177576;
A(6,6)=0.09918700574483300135104865057852448527;
A(6,7)=-0.01927530881054356877900267004067236639;
A(6,8)=0.01006964650516503879986238262290923977;
A(6,9)=-0.00362185020403895099268004916578983294;
A(7,2)=0.05754303201724311319273672355935776106;
A(7,3)=0.12374099223938747147397075185781101185;
A(7,4)=0.17595155228374013927876737699681555768;
A(7,5)=0.19081981374722284714927652654086651818;
A(7,6)=0.19945688894319688048777149395920630437;
A(7,7)=0.08243702475750181064247037608659639947;
A(7,8)=-0.01472479575802065718527568401668296522;
A(7,9)=0.00453480003283602997270249233961614992;
A(8,2)=0.05714697155923402747322283611830041372;
A(8,3)=0.1252206947380697536283096429222681895;
A(8,4)=0.17264331318806793813373946560692399204;
A(8,5)=0.19741443613973729531422124919001686063;
A(8,6)=0.18521078469685743704401392935220595932;
A(8,7)=0.15862128747389664068864696019800289226;
A(8,8)=0.05371248744655011536591931841481405318;
A(8,9)=-0.00623253577933535411372559268199289484;
A(9,2)=0.05725440737212859967117686425977918857;
A(9,3)=0.1248239506649324816289346543;
A(9,4)=0.1735073978172506401143379518;
A(9,5)=0.19578608372624679654124977108940460598;
A(9,6)=0.18825877269455927828606461476803111602;
A(9,7)=0.15206531032339256448787167197580713502;
A(9,8)=0.09267907740148963927036446831757688999;
A(9,9)=0.01562500000000000000000000369345148954;
end