function [A,tc] = tlgr3()

tc = zeros(1,4);
A = zeros(4);

tc(2)=0.155051025721682190180271592529410860803405251935;
tc(3)=0.644948974278317809819728407470589139196594748066;
tc(4)=1.;
A(2,2)=0.196815477223660425868386142991829889600662132321;
A(2,3)=-0.065535425850198388108522782569608691801263426448;
A(2,4)=0.023770974348220152420408232107189663003983425193;
A(3,2)=0.394424314739087276997411671458497580690136180128;
A(3,3)=0.292073411665228463020502745897058999288298666772;
A(3,4)=-0.041548752125997930198186009884967440781755978551;
A(4,2)=0.376403062700467275050075442369280794667612569982;
A(4,3)=0.51248582618842161383881344651960809422;
A(4,4)=0.111111111111111111111111111111111111111078458489;
end