function [A,tc] = tlgr10()

tc = zeros(1,11);
A = zeros(11);

tc(2)=0.014412409648876548632826740810813239411744731057;
tc(3)=0.074387389709196044635918185955998585080976913285;
tc(4)=0.176116656162995281863175746072568586411386047969;
tc(5)=0.309667579927637817059620467229484107405078016789;
tc(6)=0.46197040108101093488314310868056430523779176088;
tc(7)=0.618117234695294024639229751603504377174449469583;
tc(8)=0.762823015185039614682693307146722983767448923036;
tc(9)=0.881921021210001299807714888005264776307120585449;
tc(10)=0.963742187116790539058835699231918547924128877158;
tc(11)=1.;
A(2,2)=0.01847631341993400747592695715285496394;
A(2,3)=-0.00698018293353283658867884116605294058;
A(2,4)=0.00526840746209392038210541484969628937;
A(2,5)=-0.00432990226672621229721572989049747311;
A(2,6)=0.00366463346822037392039636503856135391;
A(2,7)=-0.00312113331304094278179467428832459174;
A(2,8)=0.00262723809313672286176135442240166156;
A(2,9)=-0.00213072761762523968422599920863531767;
A(2,10)=0.00156350377586790143514066097800880831;
A(2,11)=-0.0006257404394511460905887626783855558;
A(3,2)=0.03971550605279189405510679611776366775;
A(3,3)=0.04146594013277634914860001121901643467;
A(3,4)=-0.01111550192186046711367753564413896644;
A(3,5)=0.00763241753664901234470359824066023404;
A(3,6)=-0.00601003253899933374699922571457157477;
A(3,7)=0.00493796597340477767874994922788918801;
A(3,8)=-0.00407478295795061269084821019039951497;
A(3,9)=0.00326734369810142805559105171663189349;
A(3,10)=-0.00238282746879431519549716324662866481;
A(3,11)=0.00095136120307731210018893693356283516;
A(4,2)=0.03546653596209324548953036095359354295;
A(4,3)=0.08887784229548619086990693588001209791;
A(4,4)=0.06067894120940990475345884456912295849;
A(4,5)=-0.01415982900361989852898372659980011043;
A(4,6)=0.00909464012475703159245567620879797683;
A(4,7)=-0.00685841055717110420399482220504708919;
A(4,8)=0.00541744635163854965529313134024272426;
A(4,9)=-0.00424124334426524390060523685210009529;
A(4,10)=0.00305423538205659896886728263264056784;
A(4,11)=-0.00121350225738999283275264610230068586;
A(5,2)=0.03756910783964016930727027936221542597;
A(5,3)=0.07901239141611847599154071069787696305;
A(5,4)=0.1291326018252789289972577455;
A(5,5)=0.07420087910786776687201393826480361753;
A(5,6)=-0.01597618013527057886172559331364708452;
A(5,7)=0.00974503465828483010412378808232909976;
A(5,8)=-0.00703470085704045509538287200445737027;
A(5,9)=0.00526447030547479456199772717712493582;
A(5,10)=-0.00370587165545599148480304639598294564;
A(5,11)=0.00145984742273987666732788440807281272;
A(6,2)=0.03634354507157373122287270901018682339;
A(6,3)=0.0839962434882878787050846628;
A(6,4)=0.1151507204422101744043990946;
A(6,5)=0.1564697706430008467251528408;
A(6,6)=0.0807054663121396488483914179;
A(6,7)=-0.0164201439696447765876355717;
A(6,8)=0.0095661425309468370762517538;
A(6,9)=-0.00654789728542778745857071253625398445;
A(6,10)=0.00442306327830468088311934772384074311;
A(6,11)=-0.00171650943038029893592229274183895264;
A(7,2)=0.0370966712571939982393405591;
A(7,3)=0.0811061938705455778121078688;
A(7,4)=0.1220424909922034122475238329;
A(7,5)=0.1403104983090434772518884383;
A(7,6)=0.1682152422057127108023554518;
A(7,7)=0.0795554081045821253772652141;
A(7,8)=-0.0154521370974890544492905653;
A(7,9)=0.0085583289855793601692757013;
A(7,10)=-0.0053258948561982380153287583;
A(7,11)=0.0020104329241206552040921976;
A(8,2)=0.036636693743951054618148503;
A(8,3)=0.082820531598038194501318501;
A(8,4)=0.1182265658571560468938558969;
A(8,5)=0.1478684386806491755403293378;
A(8,6)=0.1520252053538656452473522984;
A(8,7)=0.1632188097396367535523412055;
A(8,8)=0.0708628245362198720880519387;
A(8,9)=-0.013147930517791039672680587;
A(8,10)=0.0066969492396954655713212051;
A(8,11)=-0.0023850730463815536573447594;
A(9,2)=0.0368995819320343936869538182;
A(9,3)=0.0818564138400400079673988659;
A(9,4)=0.120298380809969270716922156;
A(9,5)=0.1440487144543105818936752682;
A(9,6)=0.1589346194973376746014568468;
A(9,7)=0.1491496171620095712625046067;
A(9,8)=0.1419615847228924548498664154;
A(9,9)=0.0554771380758001753879857435;
A(9,10)=-0.0096435408907984992468291228;
A(9,11)=0.0029385116064056686877805593;
A(10,2)=0.0367736553764046901379388181;
A(10,3)=0.0823141114519348750715042849;
A(10,4)=0.1193331500935910704927627205;
A(10,5)=0.1457666870748447269812760903;
A(10,6)=0.1560344392637164542069128944;
A(10,7)=0.1541640183801730328658948949;
A(10,8)=0.1319693179612247424580811577;
A(10,9)=0.1064967726102315732267068288;
A(10,10)=0.0348928785749543605746218001;
A(10,11)=-0.0040028436702849869568634965;
A(11,2)=0.0368085027433792494655256421;
A(11,3)=0.0821880063684607378508408756;
A(11,4)=0.1195967158571898566882858371;
A(11,5)=0.1453050824164591555734317535;
A(11,6)=0.1567912286134691883479514031;
A(11,7)=0.1529296438622113105081380556;
A(11,8)=0.1340974189205893480292770454;
A(11,9)=0.1021350659395003377778943373;
A(11,10)=0.060148335278740815758655252;
A(11,11)=0.0100000000000000000000001035;
end