function [A,tc] = tlgr6()

tc = zeros(1,7);
A = zeros(7);

tc(2)=0.039809857051468742340806690093333167704262654229;
tc(3)=0.198013417873608172535792136795303026003180528066;
tc(4)=0.437974810247386144005012520005228808100968084786;
tc(5)=0.695464273353636094514614823721163892993337951145;
tc(6)=0.901464914201173573876501102112246357037183598014;
tc(7)=1.;
A(2,2)=0.05095001099464060925147805963302438588;
A(2,3)=-0.01890730655429213909330279379144091802;
A(2,4)=0.01368607143308822881901299568312293144;
A(2,5)=-0.01037003876604604583900953793206825768;
A(2,6)=0.00736065639663980393655754293267377949;
A(2,7)=-0.00290953645256171473392957644981710839;
A(3,2)=0.10822165891905866038457804818157190686;
A(3,3)=0.10697551993733260380284870880851963944;
A(3,4)=-0.02753902335539242032882486256268767345;
A(3,5)=0.01749674714122816153108749037855130891;
A(3,6)=-0.01165372189119558680376101790780680876;
A(3,7)=0.00451223712257675394986376980842704011;
A(4,2)=0.09777967009264535465982146161840037029;
A(4,3)=0.22317225063689583566719958791837965228;
A(4,4)=0.13631467927305188653151585845771320908;
A(4,5)=-0.02964696598819621635088281362575993678;
A(4,6)=0.01635857884343715970732749422891800423;
A(4,7)=-0.00600340261044787620996906878867413927;
A(5,2)=0.10212237561293384100253249087632867716;
A(5,3)=0.20297595737309107918373442983327255202;
A(5,4)=0.27639913638074783302191977537793003364;
A(5,5)=0.13100602313604298035265996319676588248;
A(5,6)=-0.02487630319982228653633981620855609063;
A(5,7)=0.007837084050642647490107980333793022;
A(6,2)=0.10033100138496080156934198475644027277;
A(6,3)=0.21024730855333846180365503756079017061;
A(6,4)=0.25608537205033761639808891604809890728;
A(6,5)=0.25336593470456565097236321281633507401;
A(6,6)=0.09243053433569959682917417690015712154;
A(6,7)=-0.01099523682772855369612222637351160308;
A(7,2)=0.1007941926267404201046003778745704195;
A(7,3)=0.20845066715595386947970319193595374878;
A(7,4)=0.26046339159478749128511470235558045427;
A(7,5)=0.24269359423448495807991395870973971802;
A(7,6)=0.15982037661025548327288999076365091046;
A(7,7)=0.02777777777777777777777777791241585774;
end