function [A,tc] = tlgr5()

tc = zeros(1,6);
A = zeros(6);

tc(2)=0.057104196114517682193121192554129454762144412386;
tc(3)=0.276843013638123827680045997685625141110889169695;
tc(4)=0.583590432368916820056697668662917248671851158201;
tc(5)=0.860240135656219447847912918875083423389467751344;
tc(6)=1.;
A(2,2)=0.07299886431790332430556853377816022211;
A(2,3)=-0.02673533110794557187769796533628877742;
A(2,4)=0.01867692976398435441224735477045637317;
A(2,5)=-0.01287910609330643985364694981459698714;
A(2,6)=0.00504283923388201520665021915571295902;
A(3,2)=0.15377523147918246866812357088176940232;
A(3,3)=0.14621486784749350664968724520389689252;
A(3,4)=-0.03644456890512808952665020235187119445;
A(3,5)=0.02123306311930471942150766303469371622;
A(3,6)=-0.00793557990272877753262227908618780206;
A(4,2)=0.14006304568480987151375573681450455013;
A(4,3)=0.29896712949128347939830345534712416867;
A(4,4)=0.16758507013524896344206140883822126003;
A(4,5)=-0.03396910168661774657192214140115137322;
A(4,6)=0.01094428874419225227449920905721132019;
A(5,2)=0.1448943081095347575366006470932184545;
A(5,3)=0.27650006876015922755593438857746706553;
A(5,4)=0.32579792291042102998492897233424464933;
A(5,5)=0.12875675325490976115823836784888316219;
A(5,6)=-0.01570891737880532838778945698905903674;
A(6,2)=0.14371356079122594132341221985412554675;
A(6,3)=0.28135601514946206019217265062919222498;
A(6,4)=0.31182652297574125408185491102250995116;
A(6,5)=0.22310390108357074440256021864373258859;
A(6,6)=0.03999999999999999999999999983843242703;
end